$ANSIBLE_VAULT;1.1;AES256
39626135373764383961303034316536333462636264623432643231616338653666393331633432
6465326534303030613734623036383838656263353063310a333663636263373439316263313437
64656632353834343039323437326335636665393534303235366331613131393837373235313734
6137366337666565330a353065393263386333336535323334633732363939323763656365303662
64356437383161643963653364653963376135323432323230653035323266366236396138613531
61373934356436393637623863313962316134353365316161363661646237653230656538626264
30373931306664643931323535633930306263303434333830393965373036623666616437343030
38356463346337383331646466373765373735386566383164653633636266323561313435346362
39346533623033643230643639306638373738616465356330363630303631333364323734393465
34626336303862613166616230613866616663316164356364346231643133626161623037623537
62366666333038393361313132306461386535316666623331646461303165383938383739356232
37303334363430613866326261356630396362356261663864636361306234326238383637666161
37326261363533313331396239663261656435323365376234353936313766383639313766313433
31326162373637633131616365623966613939333930396233633366323937376539393261376638
64393836653830326563316362333962343062366263663834303735336431396534623339373762
34323638343764373166633563383061396361316563346135376234356531363935373166303534
64616132636333643037323839623633653862393238386466663332313331663430316664623661
38316633633665316139343536396337663332386339343435333065366464616162656433373461
33303664373735646264633563336466643566373932663563653530353563313264363831363664
34373337646339396665643331633838663739306366373638663064346632376239313039656431
64313331386531313065633966323163393830343632353061326263616166303562643338366330
61626234653835353135623331303233363133633334613734646236313165613664643931613331
35616434666134386361366235356239396332383934303235386532633165306435636263306534
63323362623234373830613366373734666535333161346637643466613635393033363032323334
34383031313138323665353965303661303765656237353139623633613766336132666636643535
38323437383264353262643163333865393162313033613233646239653436323839303538306662
33613037336433386362666138306239396238383636316565353433373464653263316463356164
34303930313739333365373631386566363631353032363733643832363265646432313235303661
35353732353030626463316637653465623834313765316236633064663236353233383735646339
32643030323938616136366163623334333538323065663139343636353036373363636161646465
34633239323839323636323338633966613565666630623062663036303834623533623338386131
38316238656631336439333439636262646466303433356237656563613535303165333831316432
61633266343461316233386464346464373135393164393436383634333335313139636362363833
33313433303030383064393264373437323033393039363536613562336161316361383362303730
37643638636236343639326638353637626538383239376339633864313965616638363465323932
31383433663131383030383633656265313464323938353733616564363338613735623164643063
63666661336362373836346339393762646537343661383733623832303366623030646334383632
63303261653334353265656232613539356532386634303332643064373537626331343230363262
33386538363330363264323363303664616530636130633936376566393162346537653130356566
64343664353534386633313631623934366464343533333330343130373035333561666363636162
33626131346162643164356163313037636264343139346166646162316133653539633434633633
64653439656634666463666562353635316364333030613231663938663563666538333361343937
36363835623234373632643163636266656464353936356264333534346535653437396435306434
31383230633831313762613336343430653666313432393531363631633462353034323833653936
61316363616638303930393936626361646330646463353633636162346635636266346634663535
38643031333166623361643766373432636537353165656336356661303864363765333863376638
37383633303962353765356461376635633963333238663266303735613833386436343235326538
37656565316136373335313361373539323465356130623861353266363235343362636339636366
31626637336434396138303162383636313534373338323033666437663134353062316663663862
34313134626162613133653639383739313636333965646237396263366633343931356438386638
61313061346338323331316330323938393562336639373765353036303166313833376232386634
38333062366262666538313135666563323433656630393265313961343766656636626239626531
62653434663966373233623361663766376530313364363866323561633465633434643634353439
34663636353531613164323230613534326666326334363962376434353937303064326636363435
65666166323763323939656238363265663862306565623764393738306638656238343335346535
63303265646365613938633964323064343332376538633263646133643961353239353431323564
31306264643532646135616530383064626266373431626661623464646638326238626535376435
34353963383930373336653963373037643162303861383330363765346162326334393937333036
39613534643462616637313961306531363030343062396238323639626663343037333737653163
31663265643936653466633733363133626131303562393861373535356261363131306161383264
64633735363839316532326435333633303364613139656664643262656337633264316332353630
31663434386232666235353339306561326437336431613638646639616335623431323864363664
38336134346435356236316639613736396661316433396231306263373535323866363365383666
30343030656338646461323161393464366265383039343763346361643536626333343234356433
62363934373866396134376230313361393531616263346262333761326339393435656230316165
39643464663131303637326138653563333439313438363237666638613465303037373535626433
35653438613531353733323532343435343465663439653630643035636130646331323838346131
34646664353536653030343338306464633532326566636662353339656532366532313939636333
66343961653931313332653335316533353732373538653131666531653164653465623231366263
38316165336436633563366266393132653336373631346664333736313861356436613839616666
65623233653161326533363263393666343631616361313635346138393037323062316634663664
36313235666465383638353439663736383861386431326136383536336562313430303438626339
36653961616135396534366263353863313562306235613735623966653333613461333939323035
35313336613432326265393338613838383438373932383935393561633766656164353630303334
65623266373437323462353732343038666639346437383131313732616531326637616563646162
39666539623335323333333262353861393036383235633837303865333531336138623536363031
37666134363039666238343439306332353837383530666135383839323136346165396236333133
33313762306536316532336239656661626163383836333565366364343133643662376362633539
63636465373363663435636463346435356163396531383966386331303433356336666366633634
38363834623737363835666266353135343264303462636661646465346137373732636234626263
39653730626132643063306262396164336635663765316431366235383866666533633336303463
64663737343833626436343237633637623536356362313139366131653936306533393435333338
37316333323465393164633934633839353330333061613061623536336166303363383634393663
37646336346262663535393930396164333662626262656166646364313534306463663963396363
37373836303866643264383666326232653562353332646632633039626365353063623532366463
36386663656561336634396337613036363730313461343130623663333539326630303664356539
63333865663834653833336137373461363535646661616631623635373736666630653063623031
36636462616438353234646361323230346265326364333734616335373939643164373632316430
64613734353135623238633632376636383962326334383332643732343066633532393866313536
33613164393534346330356136326132633532323932316331396361653435393336376439663361
30323338653662376362383863326536633365396332363133323730303039323664363530386338
37373236623262366235303832303066613637353065613439376364393565383333646466386133
38353166633332313663393964316334336335623239353463646335663332396362383830346331
34656639333666636462373465366563376164313431613135643436646363643635666232326464
61313361383965623439336366383663396162393761643861393464356137306237636132636438
31623632613566326462353862313733613933386639636433373561303162313666653336663863
38376461623566326531306132336239633635353962356633653135333434666130616230343361
63343838313839666635613539383362633637666237633164643061663535393565663763366235
30663234343162303161393866643665653637316236336539616532383431633562636262383733
32663330663934303461373336303435323763326239333033613837633330633833646261643930
61636464396164616336323635653732376266663833386331376465343262343563653266666465
64646466323761396161633863396239386637343862306562323230623330323936663235313664
63306332333833666566653035343964633963356466393333316635653462376632636339366537
62323634383963323461343837653261636535666637353735323739633063616664313333616665
64383763373738333564623835663633336131646665383937623833306333636437383536313031
34666134383732666531633163653131303366323665653538383631666563383466363163353262
36666335336634343837313134643039336561623332643834393735666266623335643661393738
36633832623734613730326239343631333337393265626337313937316536373265356430326566
37623239623364356435313733373761333433343131373663326362316338323334623131653861
37373733656533656232346230613034613235366363343634656564303733663662636633313934
61643966373232306639623561396536373138373030383636323532613439316161623037393138
35633762646465303132656133653664663031633863333137633964373233616566326239313634
63633061386234343638643862306165386334313937353334613261396239373763386435323564
33336232333830383861343733313430373037333333393333366131373237626330633535626330
32306430633233316639653839373130366237356461343932633032623233303938323535316662
38386139306536636663363864316665363663643038633562303364663935656438386439343964
39316432386164356334393137393465393236623264396465353630323538656532376339656564
62313933333264613732333630323663336564646664633165353062383137656366616134393665
63343837616637306638346463383830343231386632306364303138303362333165623430623366
63393839653535666365616263343430633332653962656562333232373366643930383135623432
30643834373464383430623234396466366162346664313236313465306136313635323063336664
62353335323062346436323365623035396436393965346236313239373735653630343865336331
62373766333339336133643930653034663265383330383662356566653433306466323239373738
63383963323738313861373061666366633463626339363263333636613865626132306466356136
30366238353637663239333431343238633765643339393238626535383135613539646332306362
32613238653335316233663466653639303836393232386464336438666665626634396335653135
66613739666265306463393039326439386132623533616536653463353437653634646466313062
66306662636237633164666435663866393665393031393935653964366437366335663937386437
62656161343139303336386536303431633934343136343138623562646162366262356664383938
65666335316564326239306264393063656265373234343765363463636164303832393035316161
64343961653037393936666334613437373134383933346138626637333938366561383461616164
37633262363365393265613839393234313930623032613334613335643637326334386565663431
38663631613661383664653231326332653265353766376566643065346636363133323661623966
36326362353933333136623431386266316366633238616438343631636332643133383362623537
366130353032353131376338646239623636
